# GIMP colorrc
# 
# This file holds a list of recently used colors.

(color-history
    (color-rgba 0.313726 0.180392 0.109804 1.000000)
    (color-rgba 0.349020 0.200000 0.121569 1.000000)
    (color-rgba 0.804381 0.865909 0.943723 1.000000)
    (color-rgba 0.960784 0.960784 0.921569 1.000000)
    (color-rgba 0.718121 0.842587 1.000000 1.000000)
    (color-rgba 1.000000 1.000000 1.000000 1.000000)
    (color-rgba 0.000000 0.019452 0.748918 1.000000)
    (color-rgba 0.062320 0.076781 0.619048 1.000000)
    (color-rgba 0.208373 0.221289 0.705628 1.000000)
    (color-rgba 0.564706 0.380392 0.501961 1.000000)
    (color-rgba 0.490196 0.129412 0.176471 1.000000)
    (color-rgba 0.000000 0.000000 0.000000 0.000000)
    (color-rgba 0.000000 0.000000 0.000000 1.000000)
    (color-rgba 0.227451 0.266667 0.427451 1.000000)
    (color-rgba 0.254902 0.298039 0.466667 1.000000)
    (color-rgba 0.211765 0.247059 0.407843 1.000000)
    (color-rgba 0.772549 0.733333 0.694118 1.000000)
    (color-rgba 0.372549 0.235294 0.105882 1.000000)
    (color-rgba 0.407843 0.254902 0.117647 1.000000)
    (color-rgba 0.517647 0.325490 0.149020 1.000000)
    (color-rgba 0.541176 0.337255 0.152941 1.000000)
    (color-rgba 0.705882 0.560784 0.431373 1.000000)
    (color-rgba 0.956863 0.105882 0.298039 1.000000)
    (color-rgba 0.949020 0.725490 0.780392 1.000000)
    (color-rgba 0.658824 0.494118 0.349020 1.000000)
    (color-rgba 0.949020 0.725490 0.776471 1.000000)
    (color-rgba 0.949020 0.729412 0.780392 1.000000)
    (color-rgba 0.956863 0.129412 0.317647 1.000000)
    (color-rgba 0.956863 0.207843 0.380392 1.000000)
    (color-rgba 0.956863 0.082353 0.282353 1.000000)
    (color-rgba 0.000000 0.023529 0.011765 1.000000)
    (color-rgba 0.475888 0.120329 0.156890 1.000000)
    (color-rgba 0.865169 0.471223 0.471223 1.000000)
    (color-rgba 0.471223 0.471223 0.471223 1.000000)
    (color-rgba 0.550360 0.000000 0.095026 1.000000)
    (color-rgba 0.672662 0.000000 0.116143 1.000000)
    (color-rgba 0.154857 0.672662 0.000000 1.000000)
    (color-rgba 0.250980 0.164706 0.074510 0.000000)
    (color-rgba 0.250980 0.164706 0.074510 1.000000)
    (color-rgba 0.496403 0.496403 0.496403 1.000000)
    (color-rgba 0.082353 0.250980 0.270588 1.000000)
    (color-rgba 0.941176 0.941176 0.941176 1.000000)
    (color-rgba 0.839216 0.839216 0.839216 1.000000)
    (color-rgba 0.733333 0.733333 0.733333 1.000000)
    (color-rgba 0.627451 0.627451 0.627451 1.000000)
    (color-rgba 0.521569 0.521569 0.521569 1.000000)
    (color-rgba 0.419608 0.419608 0.419608 1.000000)
    (color-rgba 0.313725 0.313725 0.313725 1.000000)
    (color-rgba 0.207843 0.207843 0.207843 1.000000)
    (color-rgba 0.101961 0.101961 0.101961 1.000000)
    (color-rgba 0.800000 0.800000 0.800000 1.000000)
    (color-rgba 0.600000 0.600000 0.600000 1.000000)
    (color-rgba 0.400000 0.400000 0.400000 1.000000)
    (color-rgba 0.200000 0.200000 0.200000 1.000000)
    (color-rgba 0.629213 0.629213 0.629213 1.000000)
    (color-rgba 0.382022 0.382022 0.382022 1.000000)
    (color-rgba 0.250980 0.074510 0.074510 1.000000)
    (color-rgba 0.219608 0.211765 0.250980 1.000000)
    (color-rgba 0.838428 0.838428 0.838428 1.000000)
    (color-rgba 0.217933 0.211240 0.251799 1.000000)
    (color-rgba 0.253386 0.244459 0.298561 1.000000)
    (color-rgba 0.239216 0.109804 0.070588 1.000000)
    (color-rgba 0.745098 0.000000 0.678431 1.000000)
    (color-rgba 0.078431 0.756863 0.000000 1.000000)
    (color-rgba 0.082353 0.262745 0.082353 1.000000)
    (color-rgba 0.083297 0.264069 0.083297 1.000000)
    (color-rgba 0.756863 0.000000 0.000000 1.000000)
    (color-rgba 0.000000 0.600000 0.745098 1.000000)
    (color-rgba 0.470588 0.470588 0.470588 1.000000)
    (color-rgba 0.756863 0.490196 0.000000 1.000000)
    (color-rgba 0.000000 0.078431 0.756863 1.000000)
    (color-rgba 0.471861 0.471861 0.471861 1.000000)
    (color-rgba 0.000000 0.599539 0.744589 1.000000)
    (color-rgba 0.744589 0.000000 0.676899 1.000000)
    (color-rgba 0.756863 0.491469 0.000000 1.000000)
    (color-rgba 0.078635 0.756863 0.000000 1.000000)
    (color-rgba 0.000000 0.078635 0.756863 1.000000)
    (color-rgba 0.078709 0.757576 0.000000 1.000000)
    (color-rgba 0.757576 0.000000 0.000000 1.000000))

# end of colorrc
